<<PMCA SPECTRUM>>
TAG - live_data_1
DESCRIPTION - 
GAIN - 4
THRESHOLD - 0
LIVE_MODE - 0
PRESET_TIME - 0
LIVE_TIME - 215423.483317
REAL_TIME - 228808.798000
START_TIME - 01/29/2010 13:30:07
SERIAL_NUMBER - 0
<<CALIBRATION>>
LABEL - eV
625.93 1487
1227.91 2957
2427.28 5895
<<ROI>>
591 658
1172 1273
1621 1794
2279 2521
2569 2782
<<DATA>>
0
0
0
0
0
0
0
0
0
0
0
0
0
0
0
0
0
0
0
0
0
0
0
0
0
0
0
0
0
0
0
0
0
0
0
0
0
0
0
0
0
0
0
0
167250
222983
124750
69761
38051
21023
11410
6472
3741
2472
1715
1385
1223
1050
1041
1039
1032
1016
1024
951
992
935
984
1014
968
943
900
945
894
941
858
876
870
899
856
868
871
879
861
912
817
818
861
836
801
755
816
743
732
720
762
740
696
719
740
658
699
652
665
669
655
685
659
650
635
616
617
649
612
639
640
605
583
579
592
579
596
587
562
604
602
575
589
568
567
544
525
553
594
520
560
592
533
568
513
515
582
526
533
531
558
536
555
540
531
532
534
509
513
503
499
503
527
532
532
536
515
522
448
478
495
522
457
459
465
431
430
471
503
452
442
432
507
442
462
461
429
428
470
454
426
443
452
473
423
397
427
385
406
411
427
426
424
440
421
421
439
416
409
422
438
414
439
413
428
446
405
425
418
411
415
417
410
457
391
407
418
421
371
407
410
409
407
400
368
454
436
404
389
387
428
393
386
353
406
409
376
392
418
397
375
397
392
397
415
357
408
397
388
373
394
411
380
365
375
373
365
406
357
392
356
353
385
401
370
361
391
379
366
337
378
355
408
379
354
370
431
421
395
373
413
414
396
380
389
395
375
401
405
415
439
423
398
424
426
440
416
453
443
458
438
432
443
457
443
445
492
489
491
468
481
516
538
517
485
514
508
494
542
526
499
515
517
521
550
543
551
550
574
520
576
553
576
574
582
575
579
590
593
584
607
611
602
626
595
606
565
613
617
639
616
637
624
598
607
634
618
638
598
630
615
642
632
602
626
628
583
549
649
627
619
640
626
672
611
645
705
643
597
629
652
615
627
596
647
664
602
595
638
627
626
614
665
620
632
667
690
602
628
605
621
613
620
641
635
676
617
592
669
662
635
669
631
649
663
654
660
624
639
622
647
608
607
644
567
624
615
639
626
650
655
603
600
611
668
620
640
593
651
586
625
559
567
628
602
612
584
647
597
590
617
592
605
586
670
593
643
656
602
619
624
593
575
616
632
635
599
579
594
620
633
621
572
613
574
627
562
627
579
580
619
606
637
600
604
606
552
619
604
588
650
607
568
598
633
617
609
580
615
630
582
586
645
630
584
654
632
598
612
606
648
674
648
605
605
645
618
597
645
635
626
611
634
608
629
597
576
588
643
590
617
577
542
551
563
596
601
561
571
571
542
557
596
524
591
596
564
567
544
588
613
551
564
546
559
548
581
525
554
545
567
589
549
582
602
561
602
571
551
566
567
544
589
592
601
570
568
568
562
571
596
575
600
561
589
582
559
633
576
617
571
583
587
622
679
670
637
707
659
724
764
775
842
807
888
924
950
1027
1061
1060
1099
1094
1115
1257
1200
1271
1285
1254
1307
1334
1282
1351
1278
1340
1252
1282
1249
1217
1212
1124
1114
988
990
1064
943
989
901
848
789
808
753
707
705
681
689
679
687
622
624
580
598
585
603
565
524
537
507
511
551
545
545
524
527
495
494
523
501
533
566
529
511
492
512
493
483
524
502
532
489
486
493
474
543
486
498
522
503
488
496
485
487
503
486
489
482
471
514
511
488
480
524
511
509
497
508
469
524
517
467
477
527
513
459
509
479
502
525
479
476
546
522
499
517
515
509
534
499
500
510
504
540
577
503
506
511
507
537
483
483
507
486
516
506
548
504
482
516
515
535
505
467
504
497
534
490
508
498
516
558
485
544
490
517
514
503
484
516
504
513
524
556
507
493
511
462
501
519
473
522
496
529
502
528
544
517
470
548
494
496
521
483
529
492
510
457
497
499
580
535
476
528
477
499
525
540
505
528
512
540
524
499
493
514
507
515
518
526
490
500
542
486
479
467
509
481
508
510
451
548
502
465
481
535
522
521
517
545
478
509
480
560
482
525
506
509
488
493
449
512
455
495
456
479
487
432
497
464
497
489
498
505
462
479
505
489
523
531
513
486
489
507
504
506
511
484
529
461
482
494
489
507
474
506
478
471
480
512
474
467
500
540
488
485
442
524
500
497
460
487
498
473
505
506
500
475
519
471
477
459
494
486
493
447
512
493
506
503
506
480
496
453
493
501
467
445
540
537
532
477
543
503
566
569
541
539
511
512
553
508
554
549
569
512
565
516
577
553
553
575
508
564
515
531
605
520
513
560
533
538
566
510
556
537
546
614
599
532
539
515
523
507
561
551
535
502
469
526
533
533
534
525
532
549
512
546
547
505
530
502
530
501
540
547
545
504
533
497
543
510
506
541
508
508
518
523
567
503
533
503
520
524
510
555
488
532
500
492
504
507
478
471
508
468
500
496
542
541
505
531
483
476
514
484
507
547
501
503
442
540
505
504
495
506
490
515
505
477
454
453
556
473
483
525
496
551
460
501
522
488
464
509
518
500
499
449
562
568
497
531
495
512
489
549
478
531
515
513
523
516
548
580
562
541
514
538
532
514
566
564
554
526
530
551
548
549
553
557
530
590
524
532
543
569
563
579
608
536
590
536
545
536
510
609
515
554
532
542
551
538
517
546
568
535
564
538
562
563
555
552
565
545
566
599
537
558
583
556
600
579
601
562
600
619
605
581
609
585
564
586
606
638
623
633
606
610
604
581
634
635
615
619
626
640
619
567
601
610
603
655
605
647
637
614
633
630
621
633
669
645
658
675
684
725
746
776
755
797
897
865
885
904
893
972
972
1069
1106
1176
1256
1354
1399
1561
1566
1557
1616
1814
1840
1804
1975
2157
2181
2308
2451
2473
2614
2695
2716
2731
2785
2805
2976
3002
3005
3068
3025
3094
3037
3091
3122
2933
2962
2862
2880
2741
2664
2676
2658
2502
2430
2283
2225
2154
2012
1965
1864
1756
1707
1587
1550
1413
1375
1332
1249
1188
1103
1102
1076
946
921
972
872
805
805
846
753
796
709
759
727
679
704
721
675
666
669
717
728
682
707
681
656
669
719
668
660
718
747
671
664
751
733
739
740
767
728
787
785
768
787
840
869
795
877
862
860
790
929
844
911
882
876
900
950
932
945
917
1009
961
905
940
952
979
989
1000
933
966
925
949
940
937
900
924
938
885
899
885
913
860
881
838
877
839
786
864
835
868
793
816
775
778
801
822
809
833
848
857
811
774
782
777
794
797
796
842
828
791
764
817
867
816
853
792
814
807
776
802
807
775
829
747
802
817
800
734
820
803
827
786
817
842
775
818
815
802
763
808
762
817
799
834
816
763
782
810
768
789
836
856
791
785
848
791
757
767
865
787
834
792
843
863
832
789
824
820
811
809
897
835
796
837
850
773
852
825
822
859
812
859
827
862
845
842
800
807
857
858
863
859
802
831
787
840
824
838
839
863
786
881
833
854
835
839
831
874
850
841
821
900
840
852
853
836
900
873
892
841
865
829
890
854
891
888
838
896
873
920
897
888
906
880
918
855
978
995
925
889
911
961
933
943
975
969
989
982
991
1023
958
1046
996
1014
1099
1016
1041
1042
1086
1107
1113
1036
1026
1051
1086
1118
1121
1068
1153
1173
1132
1120
1134
1081
1028
1152
1139
1074
1089
1047
1103
1074
1160
1059
1070
1138
1083
1030
1024
988
1049
1068
999
1022
1070
1094
1073
1061
1068
1048
1044
1020
1016
997
1059
1079
1020
964
1076
1058
1052
1033
1062
1056
1078
1102
1088
1039
1104
996
1019
1055
1073
1070
1055
1092
1068
1071
1087
1101
1081
1072
1120
1126
1123
1115
1101
1081
1137
1129
1078
1109
1101
1083
1199
1106
1200
1151
1148
1105
1164
1200
1140
1159
1223
1212
1171
1176
1173
1272
1177
1234
1268
1177
1205
1263
1222
1189
1265
1235
1254
1269
1265
1322
1339
1355
1298
1359
1442
1471
1368
1442
1513
1417
1513
1446
1573
1566
1550
1619
1671
1607
1697
1730
1868
1854
1974
1971
2013
1983
2133
2221
2235
2341
2463
2604
2730
2791
2926
3051
3156
3334
3483
3687
3936
4056
4265
4652
4850
4987
5507
5686
6064
6290
6764
7358
7579
8010
8573
8898
9590
9895
10636
10974
11677
11860
12691
12952
13786
14175
14655
15144
15836
16019
16638
17145
17332
17727
18308
18687
18830
18865
19198
19404
19282
19409
19508
19287
19008
18776
18617
18731
18269
17649
17559
16980
16603
16050
15380
14924
14638
13991
13306
12946
12168
11538
11139
10536
9905
9443
8884
8343
7734
7466
6881
6497
6157
5820
5283
4892
4689
4514
4201
3984
3621
3284
3222
3129
2761
2775
2621
2343
2338
2269
2200
2093
2102
2014
1819
1821
1771
1799
1698
1810
1726
1666
1662
1643
1676
1633
1600
1660
1641
1688
1678
1602
1537
1637
1586
1596
1586
1606
1632
1656
1563
1638
1693
1696
1677
1581
1578
1668
1699
1795
1606
1702
1655
1652
1743
1754
1696
1737
1807
1827
1788
1822
1774
1880
1920
1856
1961
1995
2100
2149
2093
2245
2216
2382
2326
2494
2485
2597
2672
2749
2823
2990
2992
3074
3200
3282
3337
3419
3574
3731
3790
3984
4096
4198
4259
4400
4472
4562
4650
4768
4839
4929
4996
5059
5069
5125
5314
5195
5201
5284
5327
5189
5212
5171
5114
5093
5072
4903
4833
4865
4790
4683
4560
4543
4311
4333
4087
3993
3963
3915
3791
3747
3667
3512
3390
3301
3214
3108
3008
3055
2944
2894
2807
2752
2840
2544
2534
2584
2571
2564
2542
2440
2440
2367
2522
2268
2404
2426
2433
2471
2429
2408
2409
2414
2456
2476
2442
2513
2632
2593
2735
2673
2757
2790
2948
2853
2969
2924
3084
3106
3145
3164
3257
3352
3382
3413
3368
3683
3541
3611
3656
3782
3911
3905
3802
4024
3871
4047
3974
4017
4125
4022
4072
3978
4078
4051
3978
4066
4090
3961
4044
3884
3945
3851
3969
3834
3915
3779
3668
3752
3748
3550
3665
3456
3436
3462
3402
3429
3332
3195
3162
3160
3101
3146
3056
2995
2941
2996
2939
2868
2899
2956
2936
2972
2860
2842
3023
2781
2869
2906
2912
2834
2949
2857
2890
2907
2861
2962
2915
3030
3092
3013
3017
3115
3125
3227
3168
3211
3101
3105
3192
3174
3332
3295
3437
3299
3439
3323
3360
3535
3414
3367
3569
3430
3454
3486
3574
3603
3510
3416
3451
3380
3579
3550
3517
3454
3527
3332
3482
3550
3491
3452
3451
3429
3526
3469
3472
3466
3477
3430
3468
3393
3454
3333
3505
3481
3566
3498
3397
3339
3350
3390
3460
3444
3406
3440
3502
3430
3426
3465
3397
3347
3498
3409
3390
3324
3364
3358
3493
3445
3331
3469
3366
3410
3387
3410
3403
3412
3413
3386
3406
3442
3353
3517
3400
3419
3423
3421
3379
3313
3347
3248
3501
3289
3338
3326
3406
3328
3235
3281
3301
3398
3380
3269
3194
3201
3186
3273
3176
3101
3177
3102
3092
3066
3064
3066
3126
3078
3133
3007
3059
3089
3030
3030
2936
2962
2924
2874
2813
2892
2957
2947
2986
2814
2880
2883
2874
2829
2858
2825
2801
2908
2841
2836
2788
2806
2800
2792
2810
2971
2886
2889
2944
2943
2814
3010
2969
2931
2980
2961
3014
2957
2976
2947
3216
3085
2992
3169
3195
3140
3118
3160
3221
3303
3318
3272
3358
3243
3275
3396
3386
3435
3522
3499
3537
3590
3635
3675
3707
3687
3789
3665
3952
3901
3870
4014
3858
4013
4025
3976
4157
4111
4129
4177
4249
4253
4234
4377
4358
4407
4429
4507
4574
4447
4658
4704
4672
4670
4612
4767
4995
4900
4918
4796
4922
4882
4990
4953
5074
5113
5241
5087
5319
5234
5439
5319
5442
5331
5532
5694
5629
5702
5697
5862
5852
5980
5985
6100
6227
6167
6230
6279
6439
6489
6668
6527
6783
6906
6795
7109
7103
7116
7214
7385
7647
7750
7686
7606
7840
8140
8141
8286
8323
8573
8750
8795
9043
9077
9087
9350
9565
9627
9892
10063
10217
10327
10503
10721
10926
11106
11113
11302
11664
11743
11956
12426
12283
12623
13066
13126
13396
13771
13876
14415
14486
14384
15054
15587
15633
15827
16377
16926
17283
17715
18085
18477
18583
19754
20026
20822
21758
22394
23465
24060
25432
26807
28045
29056
31166
33272
35145
37357
40630
43153
46310
50462
54736
60006
65263
71233
78461
86035
94842
104122
114770
127229
139296
154309
170465
187980
208556
230268
250898
278442
306422
337130
369435
406817
445884
486879
532108
580870
632233
687508
746042
809541
874012
945090
1018647
1095574
1177284
1263614
1351570
1441758
1536500
1634572
1719732
1836471
1942529
2049835
2160784
2269738
2380115
2489259
2600753
2710532
2819439
2924539
3031369
3132493
3233361
3325782
3417597
3501786
3584031
3660400
3729074
3790804
3846014
3896045
3933988
3925096
3988897
4006446
4016087
4009437
3998249
3985092
3953890
3922774
3880955
3830448
3772616
3710508
3636382
3560902
3474399
3388646
3297657
3199484
3099954
2998887
2887462
2782442
2673140
2560800
2429373
2340753
2225905
2117541
2009543
1900713
1797690
1694145
1592333
1495466
1402861
1311901
1222494
1137243
1056459
981335
909961
839462
772321
711764
653206
598064
549038
501313
452925
414825
376470
340679
309914
280397
251029
227287
203795
183229
163784
147186
132094
117777
105226
93414
83851
74499
66565
59418
52985
47066
41900
37713
33868
30295
27441
24755
22276
20186
18704
17159
15631
14508
13654
12801
11938
11322
10874
10368
9894
9650
9175
9037
8783
8469
8446
8358
8320
8127
8044
7964
7795
7825
7981
7731
7691
7618
7696
7771
7858
7863
7690
7817
7677
7921
7749
7769
7792
7801
7859
7895
7950
7963
8161
8033
8122
7984
8122
8276
8497
8276
8593
8503
8526
8646
8750
9041
9096
9089
9250
9306
9237
9793
9758
9747
9993
10150
10376
10476
10572
10750
11022
11208
11648
11536
11890
12069
12594
12856
13033
13604
13553
14089
14325
14792
15405
15759
16202
16895
17064
18177
18849
19481
19922
21047
21758
22802
23840
25490
26545
27510
29609
31037
32693
34824
36930
39023
41583
44394
47398
50590
53945
58023
61524
65985
70647
75277
80545
85111
92393
98749
105093
112803
120292
128151
136277
144838
155286
164557
174107
184565
196635
207866
218484
231879
242593
255590
269232
282448
295108
308094
322263
335798
345652
363169
376006
388966
402004
415397
427621
438427
451001
461411
471046
481387
489693
498746
504995
512004
518130
523930
527005
529254
531283
532981
534123
531904
525119
527580
524509
518654
512136
506493
499982
492001
482785
473423
461747
450948
438300
427801
415117
401281
389760
375634
362516
346279
333012
319907
306372
292753
278380
262427
250702
238259
225383
212489
200065
189353
177526
166207
155742
145146
135790
126609
117097
108267
100688
93209
86056
79099
72611
66626
61331
56322
51341
46528
41990
38709
34966
32037
28796
26001
23792
21525
18901
17392
15420
13801
12313
11055
9949
8755
7858
7043
6271
5540
5033
4428
3949
3540
3229
2865
2559
2316
2060
1821
1694
1535
1399
1268
1173
1048
1004
894
860
837
724
741
675
682
639
595
579
563
542
532
497
510
456
493
502
457
497
464
507
448
439
459
448
435
433
424
376
401
373
381
379
408
375
384
372
383
357
368
316
349
359
368
327
363
347
359
325
323
364
355
320
349
291
354
333
312
273
293
296
280
277
278
263
307
254
246
280
282
269
271
272
238
243
220
237
223
218
230
231
240
216
199
220
221
177
201
228
202
217
189
196
179
188
181
173
174
200
174
186
186
214
201
171
170
191
179
194
198
173
164
140
166
159
161
178
158
160
137
152
157
144
161
166
150
156
166
174
150
174
151
147
134
174
161
126
135
113
133
147
153
138
148
143
165
156
134
141
106
160
113
130
133
137
142
126
124
130
117
128
135
136
132
123
118
99
99
129
118
108
117
119
104
109
117
136
87
106
109
112
107
120
103
104
109
118
96
105
104
98
83
107
89
96
97
121
75
115
105
98
101
105
97
85
109
114
87
101
81
84
90
83
97
91
90
97
73
90
80
93
88
82
85
75
77
86
77
88
72
96
73
78
99
77
91
72
78
84
90
78
71
81
81
74
67
96
79
67
81
73
85
67
65
78
82
78
69
70
67
85
74
90
90
101
96
80
93
103
98
70
102
89
92
85
112
101
84
96
91
110
100
113
101
104
93
111
113
110
102
93
102
113
129
126
97
114
124
94
122
120
131
121
131
127
112
134
119
95
121
121
131
104
116
118
108
140
122
122
114
118
116
107
143
101
135
123
112
123
105
90
92
102
82
88
82
104
82
96
84
99
74
89
92
85
81
70
62
74
70
83
73
68
58
60
52
60
57
82
61
77
58
50
71
62
62
64
65
55
76
34
55
51
58
77
59
50
37
48
57
71
51
45
59
70
48
48
60
49
50
47
59
63
49
67
52
43
42
50
52
53
40
54
57
46
50
32
44
47
35
54
54
56
50
53
38
58
45
59
48
51
55
48
44
56
45
44
53
45
46
43
54
44
53
47
44
49
42
44
46
42
48
58
48
41
37
43
48
37
35
54
37
50
41
43
31
44
53
33
55
46
44
46
37
52
41
51
50
44
38
40
40
37
49
41
46
33
47
39
39
45
35
27
39
45
41
62
40
47
43
39
47
48
45
38
48
33
36
34
44
36
40
43
49
41
41
43
40
31
39
30
37
37
47
39
43
42
51
37
36
43
40
30
24
35
44
40
39
26
34
34
38
42
44
39
33
52
34
46
39
44
41
32
46
31
39
40
47
36
29
30
37
46
31
35
38
43
41
36
34
27
26
36
45
42
29
39
42
39
35
45
30
30
27
35
38
38
38
27
37
36
31
32
46
30
31
25
46
24
29
31
30
32
34
40
37
40
31
34
30
30
24
34
43
28
43
39
39
31
33
43
29
44
37
45
26
42
49
41
44
31
36
34
37
42
37
39
35
32
36
39
37
44
37
50
39
42
36
38
42
43
41
34
39
47
38
30
26
32
30
32
38
25
36
38
34
44
40
42
34
28
36
29
32
36
31
23
30
31
32
29
30
29
22
33
33
25
24
42
38
24
35
33
23
16
37
26
31
39
28
35
26
27
23
27
39
27
24
27
27
20
27
29
16
28
30
23
24
25
21
28
43
25
23
20
21
29
20
25
31
21
25
24
26
35
20
29
17
18
22
26
36
26
22
30
23
37
26
23
24
24
27
18
22
24
19
28
32
29
32
22
19
17
30
32
27
24
21
27
32
18
30
14
18
17
22
28
13
24
24
23
30
26
18
15
21
22
21
29
19
27
23
17
29
20
24
22
25
23
19
16
26
26
19
31
26
24
18
15
19
26
30
18
19
26
14
16
22
22
27
20
21
21
22
17
28
20
30
25
33
24
22
20
22
19
21
18
19
27
27
19
23
27
22
29
26
18
18
18
17
25
28
22
23
22
17
12
18
20
20
28
24
24
26
17
20
21
24
22
26
20
28
20
27
19
28
22
22
23
23
26
19
26
19
25
26
28
15
33
21
28
21
16
17
30
17
21
27
26
19
24
21
28
18
21
16
30
16
21
28
12
20
16
13
19
13
22
19
11
22
19
25
19
22
23
23
15
15
21
28
16
15
11
17
23
12
24
21
17
22
18
11
20
17
17
16
20
16
27
22
19
24
20
17
12
17
15
12
18
26
16
15
23
23
28
18
19
23
22
25
26
16
21
21
27
17
21
18
21
18
14
17
21
24
20
14
11
17
19
15
19
17
24
17
13
10
15
12
17
16
17
14
19
20
21
16
16
16
19
21
14
12
21
12
26
20
15
13
22
22
16
20
16
13
19
18
20
20
18
18
17
19
25
17
18
18
17
16
19
13
25
24
14
17
16
20
19
13
15
13
20
22
19
13
10
16
22
24
19
20
16
24
15
18
16
15
19
14
18
24
14
19
16
20
9
18
21
12
7
13
16
10
18
20
18
16
14
11
20
12
18
12
16
13
26
17
21
14
20
19
18
18
14
9
19
16
19
19
19
19
16
16
20
14
21
17
13
13
16
12
19
18
18
15
18
14
20
17
16
12
18
9
16
11
19
10
19
15
20
24
16
12
13
17
16
19
14
10
13
14
21
18
16
18
11
13
25
18
20
11
16
11
17
8
11
21
16
11
15
30
15
12
20
13
17
12
19
18
13
9
18
20
16
17
19
11
13
13
11
9
10
15
16
17
11
20
15
12
15
20
16
13
13
13
13
13
18
14
13
13
9
13
20
18
17
13
21
19
16
16
20
17
15
22
12
16
12
14
11
23
13
4
21
15
17
13
18
7
16
9
10
20
12
10
18
11
11
11
21
9
15
14
12
11
14
17
6
13
16
22
16
8
13
8
12
5
11
14
9
12
18
18
9
13
16
11
16
13
15
16
15
4
13
13
11
8
22
9
16
11
13
12
11
15
12
15
13
16
14
10
10
17
19
11
11
8
12
11
14
14
17
13
24
20
27
30
43
32
38
30
36
45
33
43
44
53
47
43
48
45
45
50
52
52
57
55
52
57
61
59
68
78
68
63
67
70
85
<<END>>
<<DPP CONFIGURATION>>
COM Port: USB
Rise: 22.4uS
Top: 0.8uS
Fast Threshold: 12
PUR Enable: PUROn
RTD ON/OFF: RTDOff
RTD Threshold: 3.13% FS
RTD Fast HWHM: 10
AutoBaseline: Off
BLR: BLR:ON DN:16 UP:4 
Acquisition Mode: MCA
MCS Timebase: 10mS/channel
MCA Channels: 4096
Slow Threshold: 1.07% FS
Buffer Select: Buffer A
Gate Input (TTL): GateOff
Preset: None
Coarse Gain: 133.19x
Fine Gain: 1.0577
Input Polarity: Positive
Input Offset: -0.015V
Pole Zero: OFF
Det Rst Lockout: 1.64mS
TEC: 190.0K
HV: 189.7V
Preamp Power: 8.5V
Analog Out: Shaped Pulse
Offset: 101mV
Aux: ICR
Audio: Off
<<DPP CONFIGURATION END>>
<<DPP STATUS>>
Device Type: PX4
Serial Number: 1446
Firmware: 4.05
FPGA: 4.02
Fast Count: 275076431
Slow Count: 258997478
Accumulation Time: 228809
Dead Time: 5.85%
HV Volt: -186V
TEC Temp: 208K
Board Temp: 27°C
<<DPP STATUS END>>
